matrix_image_grayscale
	255 255 255 255 255 255 255 255 255 255 255 255 255 255 255 255 255 255 255 255 255 255 255 255 255 255 255 255 255 255 255 255 255 255 255 255 255 255 255 255 255 255 255 255 255 255 255 255 255 255 255 255 255 255 255 255 255 255 255 255 255 255 255 255 255 255 255 255 255 255 
	255 255 255 255 255 255 255 255 255 255 255 255 255 255 255 255 255 255 255 255 255 255 255 255 255 255 255 255 255 255 255 255 255 255 255 255 255 255 255 255 255 255 255 255 255 255 255 255 255 255 255 255 255 255 255 255 255 255 255 255 255 255 255 255 255 255 255 255 255 255 
	255 255 255 255 255 255 255 255 255 255 255 255 255 255 255 255 255 255 255 255 255 255 255 255 255 255 255 255 255 255 255 255 255 255 255 255 255 255 255 255 255 255 255 255 255 255 255 255 255 255 255 255 255 255 255 255 255 255 255 255 255 255 255 255 255 255 255 255 255 255 
	255 255 255 255 255 255 255 255 255 255 255 255 255 255 255 255 255 255 255 255 255 255 255 255 255 255 255 255 255 255 255 255 255 255 255 255 255 255 255 255 255 255 255 255 255 255 255 255 255 255 255 255 255 255 255 255 255 255 255 255 255 255 255 255 255 255 255 255 255 255 
	255 255 255 255 255 255 255 255 255 255 255 255 255 255 255 255 255 255 255 255 255 255 255 255 255 255 255 255 255 255 255 255 255 255 255 255 255 255 255 255 255 255 255 255 255 255 255 255 255 255 255 255 255 255 255 255 255 255 255 255 255 255 255 255 255 255 255 255 255 255 
	255 255 255 255 255 255 255 255 255 255 255 255 255 255 255 255 255 255 255 255 255 255 255 255 255 255 255 255 255 255 255 255 255 255 255 255 255 255 255 255 255 255 255 255 255 255 255 255 255 255 255 255 255 255 255 255 255 255 255 255 255 255 255 255 255 255 255 255 255 255 
	255 255 255 255 255 255 255 255 255 255 255 250 142 159 255 255 255 255 255 255 255 255 255 255 255 255 255 255 255 255 255 255 255 255 255 255 255 255 255 255 255 255 255 255 255 255 255 255 255 255 255 255 255 255 255 255 255 255 255 255 255 255 255 255 255 255 255 255 255 255 
	255 255 255 255 255 255 255 255 255 255 255 151 0 0 172 227 227 230 246 255 255 255 255 255 255 255 255 255 255 255 255 255 255 255 255 255 255 255 255 255 255 255 255 255 255 255 255 255 255 255 255 255 255 255 255 255 255 255 255 255 255 255 255 255 255 255 255 255 255 255 
	255 255 255 255 255 255 255 255 255 255 255 97 0 0 0 0 0 0 1 40 101 135 142 143 143 143 143 143 143 143 143 147 154 164 169 171 171 171 171 172 176 186 204 232 255 255 255 255 255 255 255 255 255 255 255 255 255 255 255 255 255 255 255 255 255 255 255 255 255 255 
	255 255 255 255 255 255 255 255 255 255 255 36 0 0 0 0 0 0 0 0 0 0 0 0 0 0 0 0 0 0 0 0 0 0 0 0 0 0 0 0 0 0 0 0 16 57 83 87 87 87 87 87 87 87 90 116 168 253 255 255 255 255 255 255 255 255 255 255 255 255 
	255 255 255 255 255 255 255 255 255 255 255 124 0 0 32 65 65 62 36 0 0 0 0 0 0 0 0 0 0 0 0 0 0 0 0 0 0 0 0 0 0 0 0 0 0 0 0 0 0 0 0 0 0 0 0 0 0 107 255 255 255 255 255 255 255 255 255 255 255 255 
	255 255 255 255 255 255 255 255 255 255 255 164 0 0 126 255 255 255 255 228 182 156 150 150 150 150 150 150 150 150 149 145 137 128 123 121 121 121 121 120 116 104 86 52 12 0 0 0 0 0 0 0 0 0 0 0 0 8 248 255 255 255 255 255 255 255 255 255 255 255 
	255 255 255 255 255 255 255 255 255 255 255 164 0 0 126 255 255 255 255 255 255 255 255 255 255 255 255 255 255 255 255 255 255 255 255 255 255 255 255 255 255 255 255 255 254 228 209 206 206 206 206 206 206 206 200 60 0 0 209 255 255 255 255 255 255 255 255 255 255 255 
	255 255 255 255 255 255 255 255 255 255 255 166 0 0 126 255 255 255 255 255 255 255 255 255 255 255 255 255 255 255 255 255 255 255 255 255 255 255 255 255 255 255 255 255 255 255 255 255 255 255 255 255 255 255 255 108 0 0 181 255 255 255 255 255 255 255 255 255 255 255 
	255 255 255 255 255 255 255 255 255 255 255 166 0 0 126 255 255 255 255 255 255 255 255 255 255 255 255 255 255 255 255 255 255 255 255 255 255 255 255 255 255 255 255 255 255 255 255 255 255 255 255 255 255 255 255 126 0 0 165 255 255 255 255 255 255 255 255 255 255 255 
	255 255 255 255 255 255 255 255 255 255 255 166 0 0 126 255 255 255 255 255 255 255 255 255 255 255 255 255 255 255 255 255 255 255 255 255 255 255 255 255 255 255 255 255 255 255 255 255 255 255 255 255 255 255 255 135 0 0 157 255 255 255 255 255 255 255 255 255 255 255 
	255 255 255 255 255 255 255 255 255 255 255 166 0 0 126 255 255 255 255 255 255 255 255 255 255 255 255 255 255 255 255 255 255 255 255 255 255 255 255 255 255 255 255 255 255 255 255 255 255 255 255 255 255 255 255 137 0 0 155 255 255 255 255 255 255 255 255 255 255 255 
	255 255 255 255 255 255 255 255 255 255 255 166 0 0 126 255 255 255 255 255 255 255 255 255 255 255 255 255 255 255 255 255 255 255 255 255 255 255 255 255 255 255 255 255 255 255 255 255 255 255 255 255 255 255 255 139 0 0 153 255 255 255 255 255 255 255 255 255 255 255 
	255 255 255 255 255 255 255 255 255 255 255 166 0 0 126 255 255 255 255 255 255 255 255 255 255 255 255 255 255 255 255 255 255 255 255 255 255 255 255 255 255 255 255 255 255 255 255 255 255 255 255 255 255 255 255 143 0 0 149 255 255 255 255 255 255 255 255 255 255 255 
	255 255 255 255 255 255 255 255 255 255 255 166 0 0 126 255 255 255 255 255 255 255 255 255 255 255 255 255 255 255 255 255 255 255 255 255 255 255 255 255 255 255 255 255 255 255 255 255 255 255 255 255 255 255 255 150 0 0 142 255 255 255 255 255 255 255 255 255 255 255 
	255 255 255 255 255 255 255 255 255 255 255 166 0 0 126 255 255 255 255 255 255 255 255 255 255 255 255 255 255 255 255 255 255 255 255 255 255 255 255 255 255 255 255 255 255 255 255 255 255 255 255 255 255 255 255 156 0 0 135 255 255 255 255 255 255 255 255 255 255 255 
	255 255 255 255 255 255 255 255 255 255 255 166 0 0 126 255 255 255 255 255 255 255 255 255 255 255 255 255 255 255 255 255 255 255 255 255 255 255 255 255 255 255 255 255 255 255 255 255 255 255 255 255 255 255 255 162 0 0 130 255 255 255 255 255 255 255 255 255 255 255 
	255 255 255 255 255 255 255 255 255 255 255 166 0 0 126 255 255 255 255 255 255 255 255 255 255 255 255 255 255 255 255 255 255 255 255 255 255 255 255 255 255 255 255 255 255 255 255 255 255 255 255 255 255 255 255 166 0 0 126 255 255 255 255 255 255 255 255 255 255 255 
	255 255 255 255 255 255 255 255 255 255 255 166 0 0 126 255 255 255 255 255 255 255 255 255 255 255 255 255 255 255 255 255 255 255 255 255 255 255 255 255 255 255 255 255 255 255 255 255 255 255 255 255 255 255 255 171 0 0 121 255 255 255 255 255 255 255 255 255 255 255 
	255 255 255 255 255 255 255 255 255 255 255 167 0 0 126 255 255 255 255 255 255 255 255 255 255 255 255 255 255 255 255 255 255 255 255 255 255 255 255 255 255 255 255 255 255 255 255 255 255 255 255 255 255 255 255 176 0 0 117 255 255 255 255 255 255 255 255 255 255 255 
	255 255 255 255 255 255 255 255 255 255 255 168 0 0 124 255 255 255 255 255 255 255 255 255 255 255 255 255 255 255 255 255 255 255 255 255 255 255 255 255 255 255 255 255 255 255 255 255 255 255 255 255 255 255 255 177 0 0 115 255 255 255 255 255 255 255 255 255 255 255 
	255 255 255 255 255 255 255 255 255 255 255 171 0 0 121 255 255 255 255 255 255 255 255 255 255 255 255 255 255 255 255 255 255 255 255 255 255 255 255 255 255 255 255 255 255 255 255 255 255 255 255 255 255 255 255 178 0 0 114 255 255 255 255 255 255 255 255 255 255 255 
	255 255 255 255 255 255 255 255 255 255 255 176 0 0 116 255 255 255 255 255 255 255 255 255 255 255 255 255 255 255 255 255 255 255 255 255 255 255 255 255 255 255 255 255 255 255 255 255 255 255 255 255 255 255 255 178 0 0 114 255 255 255 255 255 255 255 255 255 255 255 
	255 255 255 255 255 255 255 255 255 255 255 184 0 0 108 255 255 255 255 255 255 255 255 255 255 255 255 255 255 255 255 255 255 255 255 255 255 255 255 255 255 255 255 255 255 255 255 255 255 255 255 255 255 255 255 178 0 0 114 255 255 255 255 255 255 255 255 255 255 255 
	255 255 255 255 255 255 255 255 255 255 255 193 0 0 98 255 255 255 255 255 255 255 255 255 255 255 255 255 255 255 255 255 255 255 255 255 255 255 255 255 255 255 255 255 255 255 255 255 255 255 255 255 255 255 255 179 0 0 114 255 255 255 255 255 255 255 255 255 255 255 
	255 255 255 255 255 255 255 255 255 255 255 203 0 0 88 255 255 255 255 255 255 255 255 255 255 255 255 255 255 255 255 255 255 255 255 255 255 255 255 255 255 255 255 255 255 255 255 255 255 255 255 255 255 255 255 180 0 0 112 255 255 255 255 255 255 255 255 255 255 255 
	255 255 255 255 255 255 255 255 255 255 255 214 0 0 77 255 255 255 255 255 255 255 255 255 255 255 255 255 255 255 255 255 255 255 255 255 255 255 255 255 255 255 255 255 255 255 255 255 255 255 255 255 255 255 255 183 0 0 109 255 255 255 255 255 255 255 255 255 255 255 
	255 255 255 255 255 255 255 255 255 255 255 226 0 0 65 255 255 255 255 255 255 255 255 255 255 255 255 255 255 255 255 255 255 255 255 255 255 255 255 255 255 255 255 255 255 255 255 255 255 255 255 255 255 255 255 187 0 0 105 255 255 255 255 255 255 255 255 255 255 255 
	255 255 255 255 255 255 255 255 255 255 255 238 0 0 54 255 255 255 255 255 255 255 255 255 255 255 255 255 255 255 255 255 255 255 255 255 255 255 255 255 255 255 255 255 255 255 255 255 255 255 255 255 255 255 255 192 0 0 100 255 255 255 255 255 255 255 255 255 255 255 
	255 255 255 255 255 255 255 255 255 255 255 249 0 0 43 255 255 255 255 255 255 255 255 255 255 255 255 255 255 255 255 255 255 255 255 255 255 255 255 255 255 255 255 255 255 255 255 255 255 255 255 255 255 255 255 197 0 0 95 255 255 255 255 255 255 255 255 255 255 255 
	255 255 255 255 255 255 255 255 255 255 255 255 2 0 33 255 255 255 255 255 255 255 255 255 255 255 255 255 255 255 255 255 255 255 255 255 255 255 255 255 255 255 255 255 255 255 255 255 255 255 255 255 255 255 255 203 0 0 89 255 255 255 255 255 255 255 255 255 255 255 
	255 255 255 255 255 255 255 255 255 255 255 255 12 0 23 255 255 255 255 255 255 255 255 255 255 255 255 255 255 255 255 255 255 255 255 255 255 255 255 255 255 255 255 255 255 255 255 255 255 255 255 255 255 255 255 209 0 0 82 255 255 255 255 255 255 255 255 255 255 255 
	255 255 255 255 255 255 255 255 255 255 255 255 23 0 13 255 255 255 255 255 255 255 255 255 255 255 255 255 255 255 255 255 255 255 255 255 255 255 255 255 255 255 255 255 255 255 255 255 255 255 255 255 255 255 255 218 0 0 74 255 255 255 255 255 255 255 255 255 255 255 
	255 255 255 255 255 255 255 255 255 255 255 255 34 0 2 255 255 255 255 255 255 255 255 255 255 255 255 255 255 255 255 255 255 255 255 255 255 255 255 255 255 255 255 255 255 255 255 255 255 255 255 255 255 255 255 227 0 0 65 255 255 255 255 255 255 255 255 255 255 255 
	255 255 255 255 255 255 255 255 255 255 255 255 46 0 0 246 255 255 255 255 255 255 255 255 255 255 255 255 255 255 255 255 255 255 255 255 255 255 255 255 255 255 255 255 255 255 255 255 255 255 255 255 255 255 255 237 0 0 55 255 255 255 255 255 255 255 255 255 255 255 
	255 255 255 255 255 255 255 255 255 255 255 255 56 0 0 236 255 255 255 255 255 255 255 255 255 255 255 255 255 255 255 255 255 255 255 255 255 255 255 255 255 255 255 255 255 255 255 255 255 255 255 255 255 255 255 245 0 0 46 255 255 255 255 255 255 255 255 255 255 255 
	255 255 255 255 255 255 255 255 255 255 255 255 65 0 0 226 255 255 255 255 255 255 255 255 255 255 255 255 255 255 255 255 255 255 255 255 255 255 255 255 255 255 255 255 255 255 255 255 255 255 255 255 255 255 255 252 0 0 40 255 255 255 255 255 255 255 255 255 255 255 
	255 255 255 255 255 255 255 255 255 255 255 255 74 0 0 218 255 255 255 255 255 255 255 255 255 255 255 255 255 255 255 255 255 255 255 255 255 255 255 255 255 255 255 255 255 255 255 255 255 255 255 255 255 255 255 255 1 0 36 255 255 255 255 255 255 255 255 255 255 255 
	255 255 255 255 255 255 255 255 255 255 255 255 81 0 0 211 255 255 255 255 255 255 255 255 255 255 255 255 255 255 255 255 255 255 255 255 255 255 255 255 255 255 255 255 255 255 255 255 255 255 255 255 255 255 255 255 2 0 34 255 255 255 255 255 255 255 255 255 255 255 
	255 255 255 255 255 255 255 255 255 255 255 255 86 0 0 206 255 255 255 255 255 255 255 255 255 255 255 255 255 255 255 255 255 255 255 255 255 255 255 255 255 255 255 255 255 255 255 255 255 255 255 255 255 255 255 255 3 0 33 255 255 255 255 255 255 255 255 255 255 255 
	255 255 255 255 255 255 255 255 255 255 255 255 91 0 0 201 255 255 255 255 255 255 255 255 255 255 255 255 255 255 255 255 255 255 255 255 255 255 255 255 255 255 255 255 255 255 255 255 255 255 255 255 255 255 255 255 3 0 33 255 255 255 255 255 255 255 255 255 255 255 
	255 255 255 255 255 255 255 255 255 255 255 255 96 0 0 196 255 255 255 255 255 255 255 255 255 255 255 255 255 255 255 255 255 255 255 255 255 255 255 255 255 255 255 255 255 255 255 255 255 255 255 255 255 255 255 255 3 0 33 255 255 255 255 255 255 255 255 255 255 255 
	255 255 255 255 255 255 255 255 255 255 255 255 99 0 0 193 255 255 255 255 255 255 255 255 255 255 255 255 255 255 255 255 255 255 255 255 255 255 255 255 255 255 255 255 255 255 255 255 255 255 255 255 255 255 255 255 3 0 33 255 255 255 255 255 255 255 255 255 255 255 
	255 255 255 255 255 255 255 255 255 255 255 255 100 0 0 192 255 255 255 255 255 255 255 255 255 255 255 255 255 255 255 255 255 255 255 255 255 255 255 255 255 255 255 255 255 255 255 255 255 255 255 255 255 255 255 255 3 0 33 255 255 255 255 255 255 255 255 255 255 255 
	255 255 255 255 255 255 255 255 255 255 255 255 101 0 0 191 255 255 255 255 255 255 255 255 255 255 255 255 255 255 255 255 255 255 255 255 255 255 255 255 255 255 255 255 255 255 255 255 255 255 255 255 255 255 255 255 3 0 33 255 255 255 255 255 255 255 255 255 255 255 
	255 255 255 255 255 255 255 255 255 255 255 255 101 0 0 191 255 255 255 255 255 255 255 255 255 255 255 255 255 255 255 255 255 255 255 255 255 255 255 255 255 255 255 255 255 255 255 255 255 255 255 255 255 255 255 255 3 0 33 255 255 255 255 255 255 255 255 255 255 255 
	255 255 255 255 255 255 255 255 255 255 255 255 101 0 0 191 255 255 255 255 255 255 255 255 255 255 255 255 255 255 255 255 255 255 255 255 255 255 255 255 255 255 255 255 255 255 255 255 255 255 255 255 255 255 255 255 3 0 33 255 255 255 255 255 255 255 255 255 255 255 
	255 255 255 255 255 255 255 255 255 255 255 255 101 0 0 191 255 255 255 255 255 255 255 255 255 255 255 255 255 255 255 255 255 255 255 255 255 255 255 255 255 255 255 255 255 255 255 255 255 255 255 255 255 255 255 255 3 0 33 255 255 255 255 255 255 255 255 255 255 255 
	255 255 255 255 255 255 255 255 255 255 255 255 101 0 0 191 255 255 255 255 255 255 255 255 255 255 255 255 255 255 255 255 255 255 255 255 255 255 255 255 255 255 255 255 255 255 255 255 255 255 255 255 255 255 255 255 3 0 33 255 255 255 255 255 255 255 255 255 255 255 
	255 255 255 255 255 255 255 255 255 255 255 255 101 0 0 192 255 255 255 255 255 255 255 255 255 255 255 255 255 255 255 255 255 255 255 255 255 255 255 255 255 255 255 255 255 255 255 255 255 255 255 255 255 255 255 255 3 0 33 255 255 255 255 255 255 255 255 255 255 255 
	255 255 255 255 255 255 255 255 255 255 255 255 100 0 0 192 255 255 255 255 255 255 255 255 255 255 255 255 255 255 255 255 255 255 255 255 255 255 255 255 255 255 255 255 255 255 255 255 255 255 255 255 255 255 255 255 3 0 33 255 255 255 255 255 255 255 255 255 255 255 
	255 255 255 255 255 255 255 255 255 255 255 255 99 0 0 193 255 255 255 255 255 255 255 255 255 255 255 255 255 255 255 255 255 255 255 255 255 255 255 255 255 255 255 255 255 255 255 255 255 255 255 255 255 255 255 255 3 0 33 255 255 255 255 255 255 255 255 255 255 255 
	255 255 255 255 255 255 255 255 255 255 255 255 96 0 0 196 255 255 255 255 255 255 255 255 255 255 255 255 255 255 255 255 255 255 255 255 255 255 255 255 255 255 255 255 255 255 255 255 255 255 255 255 255 255 255 255 3 0 33 255 255 255 255 255 255 255 255 255 255 255 
	255 255 255 255 255 255 255 255 255 255 255 255 89 0 0 160 225 254 255 255 255 255 255 255 255 255 255 255 255 255 255 255 255 255 255 255 255 255 255 255 255 255 255 234 204 182 165 149 140 139 139 139 138 130 116 110 1 0 33 255 255 255 255 255 255 255 255 255 255 255 
	255 255 255 255 255 255 255 255 255 255 255 255 86 0 0 0 0 13 63 123 173 207 239 255 255 255 255 255 255 255 255 255 255 255 254 238 211 183 161 131 89 46 11 0 0 0 0 0 0 0 0 0 0 0 0 0 0 0 34 255 255 255 255 255 255 255 255 255 255 255 
	255 255 255 255 255 255 255 255 255 255 255 255 113 0 0 0 0 0 0 0 0 0 0 12 24 27 27 27 27 27 26 24 19 10 1 0 0 0 0 0 0 0 0 0 0 0 0 0 0 0 0 0 0 0 0 0 0 0 94 255 255 255 255 255 255 255 255 255 255 255 
	255 255 255 255 255 255 255 255 255 255 255 255 238 119 96 90 58 13 0 0 0 0 0 0 0 0 0 0 0 0 0 0 0 0 0 0 0 0 0 0 0 0 20 52 84 108 126 142 152 154 154 154 154 161 175 182 182 191 251 255 255 255 255 255 255 255 255 255 255 255 
	255 255 255 255 255 255 255 255 255 255 255 255 255 255 255 255 255 253 210 152 112 80 47 22 12 10 10 10 10 10 10 12 17 26 36 52 76 105 129 155 192 237 255 255 255 255 255 255 255 255 255 255 255 255 255 255 255 255 255 255 255 255 255 255 255 255 255 255 255 255 
	255 255 255 255 255 255 255 255 255 255 255 255 255 255 255 255 255 255 255 255 255 255 255 255 255 255 255 255 255 255 255 255 255 255 255 255 255 255 255 255 255 255 255 255 255 255 255 255 255 255 255 255 255 255 255 255 255 255 255 255 255 255 255 255 255 255 255 255 255 255 
	255 255 255 255 255 255 255 255 255 255 255 255 255 255 255 255 255 255 255 255 255 255 255 255 255 255 255 255 255 255 255 255 255 255 255 255 255 255 255 255 255 255 255 255 255 255 255 255 255 255 255 255 255 255 255 255 255 255 255 255 255 255 255 255 255 255 255 255 255 255 
	255 255 255 255 255 255 255 255 255 255 255 255 255 255 255 255 255 255 255 255 255 255 255 255 255 255 255 255 255 255 255 255 255 255 255 255 255 255 255 255 255 255 255 255 255 255 255 255 255 255 255 255 255 255 255 255 255 255 255 255 255 255 255 255 255 255 255 255 255 255 
	255 255 255 255 255 255 255 255 255 255 255 255 255 255 255 255 255 255 255 255 255 255 255 255 255 255 255 255 255 255 255 255 255 255 255 255 255 255 255 255 255 255 255 255 255 255 255 255 255 255 255 255 255 255 255 255 255 255 255 255 255 255 255 255 255 255 255 255 255 255 
	255 255 255 255 255 255 255 255 255 255 255 255 255 255 255 255 255 255 255 255 255 255 255 255 255 255 255 255 255 255 255 255 255 255 255 255 255 255 255 255 255 255 255 255 255 255 255 255 255 255 255 255 255 255 255 255 255 255 255 255 255 255 255 255 255 255 255 255 255 255 
	255 255 255 255 255 255 255 255 255 255 255 255 255 255 255 255 255 255 255 255 255 255 255 255 255 255 255 255 255 255 255 255 255 255 255 255 255 255 255 255 255 255 255 255 255 255 255 255 255 255 255 255 255 255 255 255 255 255 255 255 255 255 255 255 255 255 255 255 255 255 
	255 255 255 255 255 255 255 255 255 255 255 255 255 255 255 255 255 255 255 255 255 255 255 255 255 255 255 255 255 255 255 255 255 255 255 255 255 255 255 255 255 255 255 255 255 255 255 255 255 255 255 255 255 255 255 255 255 255 255 255 255 255 255 255 255 255 255 255 255 255 
